Client,Project,Registered time,Billable time,Amount ()
,sprint 7,13:21:52,,
